FMT.ADSC1	0.0777214960679424	-0.14335036614203323	-0.17352156280685493	-0.10987561066269777	0.05918095178271014	-0.06894404820056287	-0.07711269751800806	-0.03493573778112811	0.026138262248485398	0.08715055051706448	-0.07165910443866744	-0.0060347317396193265	-0.06498774932960084	0.22541688033378954	-0.041232662952930516	0.028559519645468313	-0.02288568060582451	-0.01539985246995732	-0.03551357681661423	0.013345120467979449	-0.013965941828574264	-0.037042700162523805	-0.059402765265860025	-0.0
FMT.ADSC2	0.09378349512778153	-0.05501888738689019	-0.09262319859137963	-0.016335545856495784	-0.015953178077734	-0.022660413378926197	0.051228991170801506	0.14245431792992694	0.07524127048981738	-0.0052883641551248785	0.007873479631490935	-0.1255589559116994	0.028440145482071955	-0.034506547582227785	-0.09231257855790027	-0.03446175708163477	0.03281395266596776	0.033917665908433786	-0.07413731306808108	-0.14739724105821694	-0.10519651519507918	0.04209988464923228	0.08225587723407804	-0.0
FMT.ADSC3	0.07261396090748441	0.0011654207622687023	-0.09688265379883948	0.05838681484788662	0.03418434117379305	-0.0824976420747229	0.10921023201097624	-0.03843238972740198	-0.0016910547408203452	0.06749960824016854	-0.051838201772094375	0.07551985050856254	0.05420403351304588	-0.003145741508432666	-0.08602843246303729	-0.017529809825082773	0.07672788014538037	0.053161962017431695	0.03510160549372927	0.1310181916824123	0.07922818045343911	0.060344106178201455	0.1417822840585488	-0.0
FMT.ADSC4	0.08106400013946478	-0.000907579997030613	-0.1217355704207574	0.07480135148461292	0.07796976448489386	-0.019075723057806138	0.00866725540977654	0.019640749237801135	-0.006304215097403414	0.048606760867061956	0.097246382563202	0.07950890856386887	0.12013892496251345	0.0013130691770615887	0.1329992917380021	-0.11418672496831361	-0.12125266411401273	-0.013046567986595271	-0.052186502121153194	-0.07934762111987424	0.09094677446932338	-0.03847408139969672	0.0061270520984768985	-0.0
FMT.ADSC5	0.08528154147880955	0.002963591777982879	-0.08506994333390465	0.09779103461058192	-0.14584655220019715	0.047203612490088025	0.044766515112691356	0.06605954400573037	-0.0713967844000448	-0.02910087081121865	-0.010508682522274389	0.0167306907327386	0.03503841602953411	0.0262313285816888	0.14463771441734344	0.10614766572441058	0.08547550640418522	0.10801148765835412	-0.0980371623157896	0.06495684992849349	-0.04920080442541936	0.01579694172457419	-0.06533346742811721	-0.0
FMT.C571	-0.1934854668755206	0.07674009188580413	-0.06311721588935901	-0.04508203495443757	0.0716942068254229	-0.09164559435181045	0.08875593262481447	-0.08435941834658381	-0.02016965893221998	0.06535580951624739	0.025675252541001285	-0.15261392202867438	-0.015302467030629582	-0.11697702899452535	-0.03405301718652127	-0.022128703894171417	0.01185513936909836	0.043735159176105376	-0.06354044289357207	0.027796720253463445	0.06124367201197115	0.021779843653854422	-0.13929238785052475	-0.0
FMT.C572	-0.1880898428292503	0.11581199529678621	-0.06524171278648201	-0.006649381808197107	0.04054790029428523	-0.03473710122460104	0.029288229144307357	0.02750844416864124	-0.07831676746671086	-0.05953292430667992	0.03168553261137969	0.010128528846847434	0.12967001865836045	0.06257262347886867	-0.010184579795045041	0.029148989293892147	-0.07891149115730962	-0.10043664691208622	0.09164033621985106	0.04151390061039121	-0.133566982516894	0.10490186077016585	-0.02368730722738359	-0.0
FMT.C573	-0.16361928657925454	0.14203147704078967	-0.031731242492118575	0.05294600142906556	-0.09234462902140929	0.013358403359823055	0.019292084017406896	0.10025844055707933	-0.0374119755536385	0.016894580380762535	0.00010976939156942325	-0.0990002933524472	-0.019331568842016603	0.05569246057959231	-0.02172906954849378	0.1391375276033582	-0.04964972044022219	-0.00855586430223745	0.07654229149932185	-0.04705907372063541	0.11996824133806791	-0.10839461938357035	0.06586895242555672	-0.0
FMT.C574	-0.17003547905401437	0.04706026542175965	-0.09552412418818021	-0.0334110008553218	-0.09409813489886991	0.13539512185258645	-0.03445366087705516	-0.1477193923894838	-0.0026005308209361006	-0.0020797545564952506	-0.015598726106924282	0.06034109912515199	-0.03491484316497839	-0.01722554127764363	0.0030859346841349616	0.005264206006114757	0.08745170418386268	-0.15717111888710616	-0.11124047363814903	-0.06179021583491746	0.029619541212683738	0.04563366928268936	0.05439240676952003	-0.0
FMT.C575	-0.18472792765153592	0.08883519695668012	-0.03592934008731803	-0.03130852160001861	0.06716026446786556	0.01881776847644484	-0.003279052270643425	-0.0009252467471396798	0.1358079220588713	-0.11302087469169217	-0.18667194082831706	0.033565266231056316	-0.06723965101126848	-0.04805007840852307	0.08154709117064596	-0.040160230440869596	-0.09524396756105051	0.07894304343903324	-0.023802807000114553	0.040652362072006155	-0.05131301183058451	-0.04565009080057227	0.050671974794750545	-0.0
FMT.HUCMSC1	0.07343406288107428	-0.07731959191898291	-0.12124596232220507	0.046385859082996084	-0.2045888420002915	0.12245365116004037	-0.049057374954733377	-0.07535550707209149	-0.029923650340258432	0.0005729991011039396	0.032620640341155485	0.010407141980993965	-0.021980210389266886	-0.06786279439499603	-0.117220977881987	-0.09298042768463245	-0.10577301265144429	0.058083163500883814	0.08332650394061573	0.037691815083876916	-0.03655210316283195	-0.037634044904460005	-0.04183602288207625	-0.0
FMT.HUCMSC2	0.09148196289191847	0.006761536503048447	-0.05926059060086166	0.06931134109843969	0.06199209034845314	0.06256459871014035	-0.013650342003937797	0.059971392958721496	0.04977947114753455	-0.032796455583050665	-0.12025768181090474	0.012011969275803247	-0.009237722271067688	-0.020673396411189027	0.03650648772952859	-0.045290572717867406	0.1324411070082847	-0.033317767742581564	0.1711047798524866	-0.08293741171340088	0.057426880770857655	0.04156831996427844	-0.10365424262120713	-0.0
FMT.HUCMSC3	0.13147865258288954	0.0699372317170041	0.19805118776200015	0.12216452660247895	-0.10087649589661395	-0.12316004442101985	-0.09107843192632516	-0.1250047496269009	0.10935531710370276	0.06589801720801197	-0.1083923318540416	-0.032747189157307705	0.12721703158847045	-0.014453609519860085	-0.010823782742287388	0.05294562351218354	-0.036662370500227144	-0.034621574043007905	-0.021694986718749327	-0.02888353853271823	-0.01678429717008757	0.0003980363807029835	-0.02223660716856249	-0.0
FMT.HUCMSC4	0.11832661771623963	0.05092438597032443	0.029051747671801617	0.08692564654368642	0.06540285449304852	0.012926730227355058	-0.16892539758025743	0.14452554378823643	-0.06403328598091229	0.039348927454676476	-0.001037986467510105	-0.08811707797408294	-0.0760749823430196	-0.06734740787193245	0.012425380911315096	-0.056245355577884515	0.004662513403186469	-0.12433951317238058	-0.050168161084079406	0.13464672168388492	-0.009055825538138221	-0.011466719502472637	0.025752592170752226	-0.0
FMT.HUCMSC5	0.09191506186511632	0.0028389424844916297	0.14680730107894555	-0.050808851627777166	0.17004153561146945	0.2675305881843121	0.026445081997562292	-0.0760031626253358	-0.061158785903993894	0.010438283959596277	-0.02032899140114457	-0.08403512623742795	0.09959081774879681	0.05367551569697786	-0.028895676787832676	0.017415971014249798	-0.0036838393581454213	0.05888352196021607	-0.01747052880019856	0.010115751832550523	-0.001592852288906033	-0.02270718572413194	0.019093967354245775	-0.0
FMT.NACL1	0.11839676275327354	0.0384841926710697	0.13981270672463278	0.01063176169551105	-0.0020244722341218107	-0.016474089510506464	0.05024158274055473	0.027604065675038474	-0.12169448618448882	-0.017431672680430093	-0.04566230182015108	0.06950342587570608	-0.15534809422278112	0.015300285206029572	-0.030125156105480114	0.02518022920101367	-0.12380102190266216	0.03135568844732344	-0.036159888737596325	-0.06865342314661921	0.054229639196095296	0.14733462198657854	-0.013332745917034403	-0.0
FMT.NACL2	-0.3055269624960865	-0.42159405979203024	0.13617924354558755	0.15603780102895598	0.019094688703729875	-0.015841339879244822	-0.007523530867736031	0.026262321091624637	-0.02367026853642828	0.008764291653748715	0.0036097020740327116	0.007284642249486779	-8.341272325276679e-06	0.0062067618283861885	0.007647103923847573	-0.010473633180635577	0.01330949401692242	0.00563414726075036	0.0031112856169480596	-0.005379031171471815	0.00039505220689333543	0.0021770130147587916	0.009228319268016935	-0.0
FMT.NACL3	0.04821851711841388	-0.12857369683131856	0.033985925194444634	-0.3016746592895	-0.0788946132784055	-0.06396891057170043	-0.08578765874508877	-0.02813630861243607	-0.06762782096500418	0.010055254638169956	0.0029668323731404014	-0.06293175549683372	0.028543804237355218	-0.067038309397667	0.13248477383517912	0.006408517721653912	0.007695103288648385	0.024120775335256736	0.0822539237205034	-0.0011616619402120974	0.023294401453695813	0.03784019659634167	0.06563599630595687	-0.0
FMT.NACL4	0.02805434544984189	-0.05427574510470363	0.1215395181843481	-0.1824067635110005	-0.07839355835388875	0.021423851487336155	0.10345106303223423	0.14778555224014114	0.10515824337099376	-0.0771862454945385	0.009019149984476015	0.08774017931139469	0.06999875282815336	-0.005524543018740441	-0.07637988266161945	-0.009690867649181784	-0.005314736952327112	-0.0787187152885661	-0.054027376814353836	0.06618641505893909	0.06788238020584338	-0.039534325146517155	-0.0725598502396676	-0.0
FMT.NACL5	0.07738872381609226	0.010205774459270399	0.047719418098647215	-0.02808868672834105	0.04963651576880552	-0.060092553336664585	0.14072127607567378	-0.03125446058078466	-0.12276581877188017	0.0906659977449201	-0.027894294902402313	0.09874434028301365	-0.056455907369343236	-0.0845467297958457	0.006383374302025901	0.025462808434932427	0.0369879059921566	-0.05887458592519437	0.028799529918138944	-0.04509618310270957	-0.11737301898768572	-0.14891694268902722	0.0005166551088501212	-0.0
FMT.SHED1	-0.09324293644084122	0.17680451308757375	0.16914918727990821	-0.004869177880638015	-0.09008172373902068	-0.018827980909725105	0.039150508805023625	-0.005764503334691258	0.04009576821991689	0.05824545477510657	0.092301521668162	-0.019507550521577398	-0.06794439430070937	0.14989309361718192	0.04762016737980076	-0.17297803798805556	0.07746494493348305	0.044183496835436514	0.02786258200554053	0.007421033998944689	-0.035000021491712385	-0.004630379596424414	0.013114291499136939	-0.0
FMT.SHED2	-0.11307200904298821	0.11597995565011537	0.022673786996361776	-0.045778629517082586	0.07947916455659076	-0.031211859097689244	-0.2206161948750518	0.044919872157399954	-0.01199832145572364	0.003156461079624051	0.09016103063481301	0.14883422203469623	0.026496781069091264	-0.041658499738996206	-0.0900332490536828	0.0532389622584263	0.06708125198885732	0.12080710618673612	-0.013662948066407925	-0.04043454493737772	-0.006812116008279341	-0.014268319141033749	-0.017005581949724534	-0.0
FMT.SHED3	0.08453755596193713	-0.039416963730807664	-0.0038044794593080776	0.024689432049404197	0.06235887748965373	0.05627550204605027	0.042236763166135415	-0.04021350627207674	0.21258114889394658	0.05904543973575273	0.17691058743411586	0.00837908111359542	-0.0991937715928713	-0.04001175541563483	0.05281628313637368	0.12825967464553456	-0.03186762762610785	-0.020113288524749546	0.05655835230728775	0.03407407043000757	-0.02973496667631461	0.042287719371964794	0.008090527638403861	-0.0
FMT.SHED4	0.1381031542112118	-0.026087680781171508	0.0007175742408913297	0.05621729381788902	0.04435904369983054	-0.10881252797919727	-0.0019711736891213443	-0.11888586069428674	-0.03339397838280443	-0.2952612745927859	0.08967036267589264	-0.04815274371324591	-0.03131902297751467	0.03271996483663936	-0.019134537491380114	-0.0010435740529094763	0.04107962946929937	-0.01624172247149804	-0.0046590224995636965	-0.001279006824796281	0.021913693801636012	-0.05344280512291262	0.015810081823862628	-0.0